Link,URL,Title
software packages,/wiki/Software_package_(installation),Software package (installation)
Free Software Foundation,/wiki/Free_Software_Foundation,Free Software Foundation
GNU Project,/wiki/GNU_Project,GNU Project
Richard Stallman,/wiki/Richard_Stallman,Richard Stallman
Texinfo,/wiki/Texinfo,Texinfo
GNU Guile,/wiki/GNU_Guile,GNU Guile
GNU/Linux,/wiki/Linux_naming_controversy,Linux naming controversy
GNU operating system,/wiki/GNU_operating_system,GNU operating system
Unix,/wiki/Unix,Unix
POSIX,/wiki/POSIX,POSIX
plotutils,/wiki/Plotutils,Plotutils
C standard library,/wiki/C_standard_library,C standard library
bash,/wiki/Bash_(Unix_shell),Bash (Unix shell)
coreutils,/wiki/GNU_Core_Utilities,GNU Core Utilities
chgrp,/wiki/Chgrp,Chgrp
chown,/wiki/Chown,Chown
chmod,/wiki/Chmod,Chmod
dir,/wiki/Dir_(Unix),Dir (Unix)
mkdir,/wiki/Mkdir,Mkdir
mkfifo,/wiki/Mkfifo,Mkfifo
mknod,/wiki/Mknod,Mknod
cat,/wiki/Cat_(Unix),Cat (Unix)
cksum,/wiki/Cksum,Cksum
head,/wiki/Head_(Unix),Head (Unix)
tail,/wiki/Tail_(Unix),Tail (Unix)
md5sum,/wiki/Md5sum,Md5sum
tsort,/wiki/Tsort_(Unix),Tsort (Unix)
join,/wiki/Join_(Unix),Join (Unix)
tac,/wiki/Tac_(Unix),Tac (Unix)
paste,/wiki/Paste_(Unix),Paste (Unix)
basename,/wiki/Basename,Basename
chroot,/wiki/Chroot,Chroot
date,/wiki/Date_(Unix),Date (Unix)
dirname,/wiki/Dirname,Dirname
echo,/wiki/Echo_(command),Echo (command)
env,/wiki/Env_(shell),Env (shell)
groups,/wiki/Group_identifier_(Unix),Group identifier (Unix)
hostname,/wiki/Hostname,Hostname
nice,/wiki/Nice_(Unix),Nice (Unix)
nohup,/wiki/Nohup,Nohup
printf,/wiki/Printf,Printf
sleep,/wiki/Sleep_(command),Sleep (command)
cpio,/wiki/Cpio,Cpio
diffutils,/wiki/Diff,Diff
diff,/wiki/Diff,Diff
cmp,/wiki/Cmp_(Unix),Cmp (Unix)
diff3,/wiki/Diff3,Diff3
sdiff,/wiki/Sdiff,Sdiff
findutils,/wiki/Findutils,Findutils
find,/wiki/Find_(Unix),Find (Unix)
locate,/wiki/GNU_locate,GNU locate
xargs,/wiki/Xargs,Xargs
finger,/wiki/Finger_protocol,Finger protocol
grep,/wiki/Grep,Grep
groff,/wiki/Groff_(software),Groff (software)
GRUB,/wiki/GNU_GRUB,GNU GRUB
gzip,/wiki/Gzip,Gzip
hurd,/wiki/GNU_Hurd,GNU Hurd
microkernel,/wiki/Microkernel,Microkernel
inetutils,/wiki/Inetutils,Inetutils
ftp,/wiki/File_Transfer_Protocol,File Transfer Protocol
telnet,/wiki/Telnet,Telnet
rsh,/wiki/Remote_shell,Remote shell
rlogin,/wiki/Rlogin,Rlogin
tftp,/wiki/Tftp,Tftp
linux-libre,/wiki/Linux-libre,Linux-libre
kernel,/wiki/Kernel_(operating_system),Kernel (operating system)
Linux,/wiki/Linux_kernel,Linux kernel
source code,/wiki/Source_code,Source code
obfuscated,/wiki/Obfuscated_code,Obfuscated code
proprietary licenses,/wiki/Proprietary_software,Proprietary software
plotutils,/wiki/Plotutils,Plotutils
readline,/wiki/GNU_readline,GNU readline
screen,/wiki/GNU_Screen,GNU Screen
tar,/wiki/Tar_(file_format),Tar (file format)
texinfo,/wiki/Texinfo,Texinfo
time,/wiki/Time_(Unix),Time (Unix)
Gentoo,/wiki/Gentoo_Linux,Gentoo Linux
GNU Hurd,/wiki/GNU_Hurd,GNU Hurd
software developers,/wiki/Software_development,Software development
computer programmers,/wiki/Computer_programming,Computer programming
GNU toolchain,/wiki/GNU_toolchain,GNU toolchain
GNU Binutils,/wiki/GNU_Binutils,GNU Binutils
GNU Bison,/wiki/GNU_Bison,GNU Bison
parser generator,/wiki/Parser_generator,Parser generator
yacc,/wiki/Yacc,Yacc
GNU build system,/wiki/GNU_build_system,GNU build system
Autoconf,/wiki/Autoconf,Autoconf
Automake,/wiki/Automake,Automake
Libtool,/wiki/GNU_Libtool,GNU Libtool
GNU Compiler Collection,/wiki/GNU_Compiler_Collection,GNU Compiler Collection
compiler,/wiki/Compiler,Compiler
programming languages,/wiki/Programming_language,Programming language
C++,/wiki/C%2B%2B,C++
Fortran,/wiki/Fortran,Fortran
Ada,/wiki/Ada_programming_language,Ada programming language
Java,/wiki/Java_(programming_language),Java (programming language)
GNU Debugger,/wiki/GNU_Debugger,GNU Debugger
debugger,/wiki/Debugger,Debugger
GNU m4,/wiki/GNU_m4,GNU m4
GNU make,/wiki/Make_(software)#Modern_versions,Make (software)
libraries,/wiki/Library_(computing),Library (computing)
software frameworks,/wiki/Software_framework,Software framework
BFD,/wiki/Binary_File_Descriptor_library,Binary File Descriptor library
DotGNU,/wiki/DotGNU,DotGNU
Microsoft .NET,/wiki/Microsoft_.NET,Microsoft .NET
GNU C Library,/wiki/GNU_C_Library,GNU C Library
POSIX,/wiki/POSIX,POSIX
C library,/wiki/C_standard_library,C standard library
GNU Classpath,/wiki/GNU_Classpath,GNU Classpath
Java,/wiki/Java_(programming_language),Java (programming language)
Unicode,/wiki/Unicode,Unicode
Bidirectional Algorithm,/wiki/Bi-directional_text,Bi-directional text
Object-Oriented,/wiki/Object-oriented_programming,Object-oriented programming
JavaScript,/wiki/JavaScript,JavaScript
GNU gettext,/wiki/GNU_gettext,GNU gettext
Gnulib,/wiki/Gnulib,Gnulib
HTTP,/wiki/HTTP,HTTP
GNU lightning,/wiki/GNU_lightning,GNU lightning
just-in-time compilation,/wiki/Just-in-time_compilation,Just-in-time compilation
GNU oSIP,/wiki/GNU_oSIP,GNU oSIP
Session Initiation Protocol,/wiki/Session_Initiation_Protocol,Session Initiation Protocol
GNU Portable Threads,/wiki/GNU_Portable_Threads,GNU Portable Threads
POSIX,/wiki/POSIX,POSIX
GNU Compiler Collection,/wiki/GNU_Compiler_Collection,GNU Compiler Collection
CLISP,/wiki/CLISP,CLISP
ANSI,/wiki/American_National_Standards_Institute,American National Standards Institute
Common Lisp,/wiki/Common_Lisp,Common Lisp
Gawk,/wiki/AWK#Versions_and_implementations,AWK
GnuCOBOL,/wiki/GnuCOBOL,GnuCOBOL
COBOL,/wiki/COBOL,COBOL
GNU Common Lisp,/wiki/GNU_Common_Lisp,GNU Common Lisp
Common Lisp,/wiki/Common_Lisp,Common Lisp
MIX,/wiki/MIX,MIX
GNU Pascal,/wiki/GNU_Pascal,GNU Pascal
Pascal,/wiki/Pascal_(programming_language),Pascal (programming language)
GNU Smalltalk,/wiki/GNU_Smalltalk,GNU Smalltalk
ANSI,/wiki/American_National_Standards_Institute,American National Standards Institute
Smalltalk,/wiki/Smalltalk,Smalltalk
MIT/GNU Scheme,/wiki/MIT/GNU_Scheme,MIT/GNU Scheme
Scheme programming language,/wiki/Scheme_(programming_language),Scheme (programming language)
MIT,/wiki/Massachusetts_Institute_of_Technology,Massachusetts Institute of Technology
SmartEiffel,/wiki/SmartEiffel,SmartEiffel
Eiffel,/wiki/Eiffel_(programming_language),Eiffel (programming language)
Gforth,/wiki/Gforth,Gforth
Forth,/wiki/Forth_(programming_language),Forth (programming language)
Data Display Debugger,/wiki/Data_Display_Debugger,Data Display Debugger
debugger front-end,/wiki/Debugger_front-end,Debugger front-end
GNU arch,/wiki/GNU_arch,GNU arch
active tier-style,/wiki/Comparison_of_code_generation_tools,Comparison of code generation tools
automated code generation,/wiki/Automatic_programming,Automatic programming
GNU Bazaar,/wiki/GNU_Bazaar,GNU Bazaar
GNU cflow,/wiki/GNU_cflow,GNU cflow
flow graphs,/wiki/Call_graph,Call graph
C preprocessor,/wiki/C_preprocessor,C preprocessor
GNU indent,/wiki/Indent_(Unix),Indent (Unix)
GNUnited Nations,/wiki/GNUnited_Nations,GNUnited Nations
GUI,/wiki/Graphical_user_interface,Graphical user interface
desktop environments,/wiki/Desktop_environment,Desktop environment
window managers,/wiki/Window_manager,Window manager
GTK+,/wiki/GTK%2B,GTK+
GIMP,/wiki/GIMP,GIMP
GNOME,/wiki/GNOME,GNOME
GNUstep,/wiki/GNUstep,GNUstep
Cocoa,/wiki/Cocoa_(API),Cocoa (API)
OpenStep,/wiki/OpenStep,OpenStep
Window Maker,/wiki/Window_Maker,Window Maker
GNU ddrescue,/wiki/Ddrescue,Ddrescue
GNU Emacs,/wiki/GNU_Emacs,GNU Emacs
Emacs,/wiki/Emacs,Emacs
GNU fcrypt,/wiki/GNU_fcrypt,GNU fcrypt
GNU Guix,/wiki/GNU_Guix,GNU Guix
GNU Midnight Commander,/wiki/Midnight_Commander,Midnight Commander
text-based,/wiki/Text-based_user_interface,Text-based user interface
Mtools,/wiki/Mtools,Mtools
GNU nano,/wiki/GNU_nano,GNU nano
GNU parallel,/wiki/GNU_parallel,GNU parallel
GNU Parted,/wiki/GNU_Parted,GNU Parted
GNU Privacy Guard,/wiki/GNU_Privacy_Guard,GNU Privacy Guard
PGP,/wiki/Pretty_Good_Privacy,Pretty Good Privacy
GNU Privacy Guard,/wiki/GNU_Privacy_Guard,GNU Privacy Guard
pexec,/wiki/Pexec,Pexec
GnowSys,/wiki/GnowSys,GnowSys
GNU Archimedes,/wiki/GNU_Archimedes,GNU Archimedes
TCAD,/wiki/Technology_CAD,Technology CAD
semiconductor device,/wiki/Semiconductor_device_fabrication,Semiconductor device fabrication
GNU Circuit Analysis Package,/wiki/GNU_Circuit_Analysis_Package,GNU Circuit Analysis Package
GNU Electric,/wiki/Electric_(software),Electric (software)
EDA,/wiki/Electronic_design_automation,Electronic design automation
schematics,/wiki/Schematic,Schematic
integrated circuit,/wiki/Integrated_circuit,Integrated circuit
MCSim,/wiki/MCSim,MCSim
GNU Multi-Precision Library,/wiki/GNU_Multi-Precision_Library,GNU Multi-Precision Library
arbitrary precision,/wiki/Arbitrary_precision,Arbitrary precision
GNU Octave,/wiki/GNU_Octave,GNU Octave
MATLAB,/wiki/MATLAB,MATLAB
GNU Scientific Library,/wiki/GNU_Scientific_Library,GNU Scientific Library
GNU Units,/wiki/GNU_Units,GNU Units
PSPP,/wiki/PSPP,PSPP
SPSS,/wiki/SPSS,SPSS
XaoS,/wiki/XaoS,XaoS
GNU MediaGoblin 0.2.0,/wiki/GNU_MediaGoblin,GNU MediaGoblin
Dld,/wiki/Dld_(software),Dld (software)
Jami,/wiki/Jami_(software),Jami (software)
Skype,/wiki/Skype,Skype
GNU Anubis,/wiki/GNU_Anubis,GNU Anubis
Mail User Agent,/wiki/Mail_User_Agent,Mail User Agent
Mail Transport Agent,/wiki/Mail_transfer_agent,Mail transfer agent
Libre.fm,/wiki/Libre.fm,Libre.fm
GNU Mailman,/wiki/GNU_Mailman,GNU Mailman
GNU MediaGoblin,/wiki/GNU_MediaGoblin,GNU MediaGoblin
GNU Social,/wiki/GNU_Social,GNU Social
distributed social network,/wiki/Distributed_social_network,Distributed social network
PHP,/wiki/PHP,PHP
wget,/wiki/Wget,Wget
GNUnet,/wiki/GNUnet,GNUnet
Gnuzilla,/wiki/Gnuzilla,Gnuzilla
Mozilla Application Suite,/wiki/Mozilla_Application_Suite,Mozilla Application Suite
free software,/wiki/Free_software,Free software
GNU IceCat,/wiki/GNU_IceCat,GNU IceCat
lsh,/wiki/Lsh,Lsh
Secure Shell,/wiki/Secure_Shell,Secure Shell
LibreJS,/wiki/LibreJS,LibreJS
browser add-on,/wiki/Browser_extension,Browser extension
JavaScript,/wiki/JavaScript,JavaScript
GNU Taler,/wiki/GNU_Taler,GNU Taler
BBS,/wiki/List_of_BBS_software,List of BBS software
GNU Aspell,/wiki/GNU_Aspell,GNU Aspell
Ispell,/wiki/Ispell,Ispell
Gnumeric,/wiki/Gnumeric,Gnumeric
Microsoft Excel,/wiki/Microsoft_Excel,Microsoft Excel
Ocrad,/wiki/Ocrad,Ocrad
optical character recognition,/wiki/Optical_character_recognition,Optical character recognition
3DLDF,/wiki/3DLDF,3DLDF
TeX,/wiki/TeX,TeX
Dia,/wiki/Dia_(software),Dia (software)
GIMP,/wiki/GIMP,GIMP
Photoshop,/wiki/Photoshop,Photoshop
Gnash,/wiki/Gnash_(software),Gnash (software)
browser plugin,/wiki/Browser_plugin,Browser plugin
Adobe Flash,/wiki/Adobe_Flash,Adobe Flash
GNU LibreDWG,/wiki/GNU_LibreDWG,GNU LibreDWG
.dwg,/wiki/.dwg,.dwg
CAD,/wiki/Computer-aided_design,Computer-aided design
GNU LilyPond,/wiki/GNU_LilyPond,GNU LilyPond
Virtual Reality,/wiki/Virtual_reality,Virtual reality
backgammon,/wiki/Backgammon,Backgammon
Rubik's Cube,/wiki/Rubik%27s_Cube,Rubik's Cube
GNU Chess,/wiki/GNU_Chess,GNU Chess
chess engine,/wiki/Chess_engine,Chess engine
glChess,/wiki/GlChess,GlChess
Xboard,/wiki/Xboard,Xboard
GNU Go,/wiki/GNU_Go,GNU Go
GNU FreeDink,/wiki/GNU_FreeDink,GNU FreeDink
Dink Smallwood,/wiki/Dink_Smallwood,Dink Smallwood
Liquid War,/wiki/Liquid_War,Liquid War
GNU Health,/wiki/GNU_Health,GNU Health
GNUmed,/wiki/GNUmed,GNUmed
GnuCash,/wiki/GnuCash,GnuCash
building automation,/wiki/Building_automation,Building automation
GNU.FREE,/wiki/GNU.FREE,GNU.FREE
GNU Taler,/wiki/GNU_Taler,GNU Taler
enterprise planning software,/wiki/Enterprise_planning_system#Planning_software,Enterprise planning system
GNU FreeFont,/wiki/GNU_FreeFont,GNU FreeFont
GNU Unifont,/wiki/GNU_Unifont,GNU Unifont
Free software movement,/wiki/Free_software_movement,Free software movement
High Priority Free Software Projects,/wiki/High_Priority_Free_Software_Projects,High Priority Free Software Projects
"Stallman, Richard",/wiki/Richard_Stallman,Richard Stallman
"Stallman, Richard",/wiki/Richard_Stallman,Richard Stallman
Free Software Foundation,/wiki/Free_Software_Foundation,Free Software Foundation
"Greve, Georg C. F.",/wiki/Georg_C._F._Greve,Georg C. F. Greve
Citadel,/wiki/Citadel_(software),Citadel (software)
directory.fsf.org,/wiki/Free_Software_Directory,Free Software Directory
FSF,/wiki/Free_Software_Foundation,Free Software Foundation
GNU Project,/wiki/GNU_Project,GNU Project
GNU Manifesto,/wiki/GNU_Manifesto,GNU Manifesto
Free Software Foundation,/wiki/Free_Software_Foundation,Free Software Foundation
Europe,/wiki/Free_Software_Foundation_Europe,Free Software Foundation Europe
India,/wiki/Free_Software_Foundation_of_India,Free Software Foundation of India
Latin America,/wiki/Free_Software_Foundation_Latin_America,Free Software Foundation Latin America
History of free software,/wiki/History_of_free_and_open-source_software,History of free and open-source software
GNU General Public License,/wiki/GNU_General_Public_License,GNU General Public License
linking exception,/wiki/GPL_linking_exception,GPL linking exception
font exception,/wiki/GPL_font_exception,GPL font exception
GNU Lesser General Public License,/wiki/GNU_Lesser_General_Public_License,GNU Lesser General Public License
GNU Affero General Public License,/wiki/GNU_Affero_General_Public_License,GNU Affero General Public License
GNU Free Documentation License,/wiki/GNU_Free_Documentation_License,GNU Free Documentation License
GNU,/wiki/GNU,GNU
variants,/wiki/GNU_variants,GNU variants
Hurd,/wiki/GNU_Hurd,GNU Hurd
Linux-libre,/wiki/Linux-libre,Linux-libre
glibc,/wiki/Glibc,Glibc
Bash,/wiki/Bash_(Unix_shell),Bash (Unix shell)
coreutils,/wiki/GNU_Core_Utilities,GNU Core Utilities
findutils,/wiki/GNU_Find_Utilities,GNU Find Utilities
Build System,/wiki/GNU_Build_System,GNU Build System
GCC,/wiki/GNU_Compiler_Collection,GNU Compiler Collection
binutils,/wiki/GNU_Binutils,GNU Binutils
GDB,/wiki/GNU_Debugger,GNU Debugger
GRUB,/wiki/GNU_GRUB,GNU GRUB
GNUstep,/wiki/GNUstep,GNUstep
GIMP,/wiki/GIMP,GIMP
Jami,/wiki/Jami_(software),Jami (software)
GNU Emacs,/wiki/GNU_Emacs,GNU Emacs
GNU TeXmacs,/wiki/GNU_TeXmacs,GNU TeXmacs
GNU Octave,/wiki/GNU_Octave,GNU Octave
GNU Taler,/wiki/GNU_Taler,GNU Taler
GNU R,/wiki/R_(programming_language),R (programming language)
GSL,/wiki/GNU_Scientific_Library,GNU Scientific Library
GMP,/wiki/GNU_Multiple_Precision_Arithmetic_Library,GNU Multiple Precision Arithmetic Library
GNU Electric,/wiki/Electric_(software),Electric (software)
GNU Archimedes,/wiki/GNU_Archimedes,GNU Archimedes
GNUnet,/wiki/GNUnet,GNUnet
GNU Privacy Guard,/wiki/GNU_Privacy_Guard,GNU Privacy Guard
Gnuzilla,/wiki/Gnuzilla,Gnuzilla
IceCat,/wiki/GNU_IceCat,GNU IceCat
GNU Health,/wiki/GNU_Health,GNU Health
GNUmed,/wiki/GNUmed,GNUmed
GNU LilyPond,/wiki/LilyPond,LilyPond
GNU Go,/wiki/GNU_Go,GNU Go
GNU Chess,/wiki/GNU_Chess,GNU Chess
Gnash,/wiki/Gnash_(software),Gnash (software)
Guix,/wiki/GNU_Guix,GNU Guix
Alexandre Oliva,/wiki/Alexandre_Oliva,Alexandre Oliva
Benjamin Mako Hill,/wiki/Benjamin_Mako_Hill,Benjamin Mako Hill
Bradley M. Kuhn,/wiki/Bradley_M._Kuhn,Bradley M. Kuhn
Brian Fox,/wiki/Brian_Fox_(computer_programmer),Brian Fox (computer programmer)
Federico Heinz,/wiki/Federico_Heinz,Federico Heinz
Georg C. F. Greve,/wiki/Georg_C._F._Greve,Georg C. F. Greve
John Sullivan,/wiki/William_John_Sullivan,William John Sullivan
Loïc Dachary,/wiki/Lo%C3%AFc_Dachary,Loïc Dachary
Nagarjuna G.,/wiki/Nagarjuna_G.,Nagarjuna G.
Richard M. Stallman,/wiki/Richard_Stallman,Richard Stallman
GNU/Linux naming controversy,/wiki/GNU/Linux_naming_controversy,GNU/Linux naming controversy
Revolution OS,/wiki/Revolution_OS,Revolution OS
Free Software Foundation anti-Windows campaigns,/wiki/Free_Software_Foundation_anti-Windows_campaigns,Free Software Foundation anti-Windows campaigns
Defective by Design,/wiki/Defective_by_Design,Defective by Design
Article,/wiki/List_of_GNU_packages,View the content page [ctrl-option-c]
Read,/wiki/List_of_GNU_packages,
Main page,/wiki/Main_Page,Visit the main page [ctrl-option-z]